-0.02361345 1.149385 -0.0481461
0.114949 1.428541 0.03276193
0.1875658 1.485558 -0.2298993
0.2614535 1.543574 -0.4971578
0.3033001 1.55823 -0.5788362
-0.1820102 1.427663 0.02088572
-0.4550601 1.46153 0.06345126
-0.7328895 1.49599 0.1067615
-0.8127744 1.513095 0.1510492
0.06374973 0.9825747 -0.03227043
-0.1003086 0.9776974 -0.02940544
0.1229347 0.5428801 -0.03920171
0.1641011 0.1001331 -0.01568229
0.1762535 -0.002833843 -0.10701
-0.1254727 0.534852 -0.04112902
-0.127323 0.08997679 -0.02228728
-0.1311409 0.004244447 -0.1305739
-0.03341573 1.507803 0.0007503629
-0.03656793 1.603931 -0.01609716
